0
1
2
3
5
6
7
8
9
10
11
12
13
14
15
16
17
18
19
20
21
22
23
24
25
27
28
29
30
31
32
34
35
36
37
38
39
40
41
42
43
45
46
47
48
49
50
51
52
53
54
57
58
59
60
62
63
64
65
66
67
68
69
70
71
72
73
75
76
77
78
79
80
81
82
83
84
85
86
87
88
89
90
91
92
94
95
96
97
98
99
100
101
102
103
104
105
106
107
108
109
110
112
113
114
115
116
117
119
120
121
122
124
125
126
127
128
129
131
132
133
134
135
136
138
139
140
141
142
143
144
145
146
147
148
150
151
152
153
154
155
156
157
158
159
160
161
162
163
165
166
167
168
170
171
172
173
175
176
177
178
179
180
181
182
183
184
185
186
